
Contrast: Artificial_Natural 

                      average       sd    ratio      ava      avb cumsum     p    
Russels_Snapper       0.12528  0.14572  0.85980 58.29000 23.67000  0.174 0.001 ***
Barracuda             0.10352  0.16928  0.61150 16.69000 59.57000  0.317 0.065 .  
Rabbitfish            0.09876  0.10389  0.95070 38.11000 32.58000  0.454 0.768    
sml_Grouper           0.07313  0.05608  1.30390  3.90000 30.37000  0.556 0.001 ***
Brown_Stripe_Snapper  0.06734  0.10357  0.65020 23.12000 14.31000  0.649 0.070 .  
Butterflyfish         0.05060  0.05001  1.01190  9.91000 24.40000  0.719 0.001 ***
Parrotfish            0.04286  0.04710  0.91000  6.55000 18.83000  0.779 0.001 ***
Emperorfish           0.03581  0.05119  0.69950  5.38000 15.10000  0.828 0.001 ***
lrg_Snapper           0.03349  0.04993  0.67070 12.25000  0.89000  0.875 0.001 ***
Trevally              0.01985  0.02741  0.72410  6.76000  3.59000  0.902 0.014 *  
lrg_Grouper           0.01726  0.01967  0.87790  5.99000  4.44000  0.926 0.040 *  
Cleaner_Wrasse        0.01500  0.01488  1.00830  0.83000  5.78000  0.947 0.001 ***
Red_Breast            0.01092  0.01022  1.06790  2.01000  4.47000  0.962 0.001 ***
Angelfish             0.00627  0.00642  0.97640  0.91000  2.48000  0.971 0.001 ***
Sweetlips             0.00601  0.00840  0.71510  2.38000  1.07000  0.979 0.037 *  
Thicklip              0.00590  0.00722  0.81730  0.07000  2.04000  0.987 0.001 ***
Triggerfish           0.00355  0.00401  0.88510  0.51000  1.22000  0.992 0.001 ***
Slingjaw              0.00320  0.00541  0.59200  0.16000  1.15000  0.997 0.001 ***
Batfish               0.00241  0.00815  0.29550  0.55000  0.41000  1.000 0.703    
---
Signif. codes:  0 ‘***’ 0.001 ‘**’ 0.01 ‘*’ 0.05 ‘.’ 0.1 ‘ ’ 1
Permutation: free
Number of permutations: 999
